0,1,189
0,2,485
0,3,1966
0,4,125
0,5,101
0,6,151
0,7,798
0,8,162
0,9,699
0,10,1575
0,11,1631
0,12,406
0,13,1366
0,14,112
0,15,2334
0,16,1128
0,17,705
0,18,640
0,19,69
0,20,1394
0,21,2338
0,22,368
0,23,2556
0,24,1870
0,25,128
0,26,117
0,27,1385
0,28,138
0,29,177
0,30,412
0,31,74
0,32,273
0,33,144
0,34,2251
0,35,320
0,36,354
0,37,87
0,38,1539
0,39,85
0,40,252
0,41,380
0,42,2601
0,43,661
0,44,270
0,45,2621
0,46,555
0,47,619
0,48,541
0,49,421
0,50,203
0,51,1045
0,52,418
0,53,478
0,54,196
0,55,344
0,56,343
0,57,967
0,58,462
0,59,1280
0,60,792
0,61,71
0,62,216
0,63,538
0,64,135
0,65,525
0,66,1158
0,67,623
0,68,204
0,69,1045
0,70,394
0,71,247
0,72,357
0,73,57
0,74,1731
0,75,144
0,76,995
0,77,252
0,78,2584
0,79,397
0,80,114
0,81,64
0,82,459
0,83,2297
0,84,1143
0,85,329
0,86,1152
0,87,1082
0,88,39
0,89,500
0,90,160
0,91,230
0,92,274
1,0,189
1,2,194
1,3,1634
1,4,66
1,5,64
1,6,235
1,7,504
1,8,372
1,9,354
1,10,763
1,11,503
1,12,180
1,13,1152
1,14,58
1,15,1660
1,16,784
1,17,273
1,18,687
1,19,50
1,20,412
1,21,1360
1,22,135
1,23,1211
1,24,1443
1,25,429
1,26,60
1,27,696
1,28,153
1,29,127
1,30,146
1,31,67
1,32,69
1,33,739
1,34,634
1,35,248
1,36,174
1,37,68
1,38,476
1,39,313
1,40,1118
1,41,128
1,42,578
1,43,394
1,44,184
1,45,1318
1,46,393
1,47,340
1,48,717
1,49,109
1,50,329
1,51,282
1,52,629
1,53,810
1,54,129
1,55,130
1,56,139
1,57,650
1,58,370
1,59,620
1,60,546
1,61,48
1,62,275
1,63,188
1,64,100
1,65,121
1,66,624
1,67,624
1,68,543
1,69,362
1,70,111
1,71,254
1,72,151
1,73,39
1,74,827
1,75,217
1,76,467
1,77,110
1,78,1420
1,79,704
1,80,110
1,81,38
1,82,540
1,83,1589
1,84,1019
1,85,211
1,86,925
1,87,1338
1,88,35
1,89,326
1,90,292
1,91,203
1,92,1209
2,0,485
2,1,194
2,3,2024
2,4,102
2,5,177
2,6,171
2,7,1745
2,8,160
2,9,1200
2,10,1893
2,11,1916
2,12,2532
2,13,1811
2,14,65
2,15,2765
2,16,1838
2,17,333
2,18,1036
2,19,160
2,20,1695
2,21,3126
2,22,579
2,23,3581
2,24,2201
2,25,103
2,26,81
2,27,1288
2,28,101
2,29,171
2,30,2108
2,31,231
2,32,171
2,33,101
2,34,1485
2,35,559
2,36,274
2,37,54
2,38,1900
2,39,154
2,40,206
2,41,251
2,42,1483
2,43,666
2,44,541
2,45,3682
2,46,504
2,47,720
2,48,682
2,49,279
2,50,404
2,51,1202
2,52,306
2,53,712
2,54,310
2,55,157
2,56,238
2,57,1048
2,58,527
2,59,2219
2,60,1356
2,61,73
2,62,268
2,63,518
2,64,126
2,65,406
2,66,1738
2,67,642
2,68,215
2,69,2247
2,70,772
2,71,355
2,72,909
2,73,54
2,74,2848
2,75,190
2,76,1464
2,77,157
2,78,3936
2,79,327
2,80,111
2,81,76
2,82,455
2,83,2894
2,84,1364
2,85,496
2,86,1773
2,87,1462
2,88,48
2,89,813
2,90,355
2,91,224
2,92,208
3,0,1966
3,1,1634
3,2,2024
3,4,355
3,5,418
3,6,800
3,7,5829
3,8,1040
3,9,4130
3,10,6677
3,11,6504
3,12,1763
3,13,9412
3,14,217
3,15,10601
3,16,6869
3,17,1938
3,18,5168
3,19,156
3,20,5466
3,21,11987
3,22,1772
3,23,14479
3,24,11824
3,25,621
3,26,177
3,27,5565
3,28,662
3,29,511
3,30,1530
3,31,271
3,32,479
3,33,896
3,34,6185
3,35,1528
3,36,1344
3,37,205
3,38,6946
3,39,837
3,40,1641
3,41,1201
3,42,5854
3,43,5916
3,44,1127
3,45,15010
3,46,2066
3,47,3199
3,48,3122
3,49,810
3,50,1694
3,51,3955
3,52,2336
3,53,4049
3,54,1079
3,55,882
3,56,1064
3,57,3567
3,58,2675
3,59,7291
3,60,4690
3,61,96
3,62,1295
3,63,1391
3,64,419
3,65,1272
3,66,6362
3,67,5550
3,68,1162
3,69,3972
3,70,1113
3,71,1672
3,72,1511
3,73,115
3,74,10088
3,75,797
3,76,4909
3,77,844
3,78,15679
3,79,3405
3,80,448
3,81,157
3,82,2944
3,83,13010
3,84,7605
3,85,1389
3,86,6985
3,87,6336
3,88,59
3,89,2987
3,90,1621
3,91,1154
3,92,1581
4,0,125
4,1,66
4,2,102
4,3,355
4,5,44
4,6,76
4,7,288
4,8,70
4,9,398
4,10,659
4,11,778
4,12,94
4,13,308
4,14,71
4,15,354
4,16,167
4,17,93
4,18,257
4,19,37
4,20,720
4,21,340
4,22,59
4,23,609
4,24,383
4,25,47
4,26,44
4,27,363
4,28,46
4,29,53
4,30,94
4,31,38
4,32,65
4,33,53
4,34,262
4,35,68
4,36,72
4,37,45
4,38,182
4,39,58
4,40,125
4,41,90
4,42,234
4,43,95
4,44,93
4,45,624
4,46,94
4,47,107
4,48,72
4,49,83
4,50,86
4,51,660
4,52,138
4,53,215
4,54,73
4,55,140
4,56,108
4,57,99
4,58,144
4,59,665
4,60,127
4,61,36
4,62,71
4,63,61
4,64,72
4,65,154
4,66,363
4,67,105
4,68,79
4,69,149
4,70,225
4,71,76
4,72,87
4,73,40
4,74,433
4,75,52
4,76,198
4,77,99
4,78,681
4,79,89
4,80,95
4,81,38
4,82,112
4,83,606
4,84,226
4,85,286
4,86,269
4,87,207
4,88,35
4,89,124
4,90,78
4,91,82
4,92,74
5,0,101
5,1,64
5,2,177
5,3,418
5,4,44
5,6,58
5,7,420
5,8,78
5,9,217
5,10,282
5,11,261
5,12,113
5,13,602
5,14,39
5,15,443
5,16,425
5,17,78
5,18,407
5,19,47
5,20,224
5,21,602
5,22,221
5,23,696
5,24,499
5,25,52
5,26,38
5,27,206
5,28,46
5,29,44
5,30,105
5,31,67
5,32,53
5,33,54
5,34,225
5,35,93
5,36,76
5,37,37
5,38,328
5,39,70
5,40,96
5,41,63
5,42,216
5,43,194
5,44,102
5,45,711
5,46,101
5,47,157
5,48,170
5,49,74
5,50,101
5,51,168
5,52,98
5,53,258
5,54,216
5,55,54
5,56,57
5,57,164
5,58,147
5,59,302
5,60,310
5,61,53
5,62,84
5,63,107
5,64,63
5,65,91
5,66,370
5,67,300
5,68,83
5,69,259
5,70,79
5,71,150
5,72,109
5,73,32
5,74,485
5,75,58
5,76,238
5,77,72
5,78,750
5,79,126
5,80,51
5,81,50
5,82,107
5,83,587
5,84,392
5,85,78
5,86,350
5,87,436
5,88,40
5,89,741
5,90,130
5,91,79
5,92,84
6,0,151
6,1,235
6,2,171
6,3,800
6,4,76
6,5,58
6,7,523
6,8,123
6,9,439
6,10,564
6,11,489
6,12,157
6,13,753
6,14,49
6,15,880
6,16,467
6,17,158
6,18,560
6,19,38
6,20,417
6,21,848
6,22,141
6,23,1018
6,24,831
6,25,120
6,26,51
6,27,428
6,28,81
6,29,80
6,30,116
6,31,40
6,32,73
6,33,136
6,34,393
6,35,157
6,36,138
6,37,51
6,38,468
6,39,112
6,40,231
6,41,94
6,42,380
6,43,264
6,44,152
6,45,1057
6,46,204
6,47,305
6,48,412
6,49,76
6,50,205
6,51,334
6,52,269
6,53,575
6,54,139
6,55,126
6,56,96
6,57,303
6,58,255
6,59,573
6,60,367
6,61,36
6,62,179
6,63,125
6,64,87
6,65,112
6,66,596
6,67,280
6,68,208
6,69,310
6,70,105
6,71,190
6,72,165
6,73,34
6,74,835
6,75,125
6,76,351
6,77,99
6,78,1117
6,79,224
6,80,103
6,81,35
6,82,264
6,83,952
6,84,537
6,85,181
6,86,775
6,87,619
6,88,34
6,89,267
6,90,163
6,91,104
6,92,226
7,0,798
7,1,504
7,2,1745
7,3,5829
7,4,288
7,5,420
7,6,523
7,8,264
7,9,4173
7,10,4439
7,11,4238
7,12,1383
7,13,6285
7,14,141
7,15,5870
7,16,4521
7,17,648
7,18,4218
7,19,122
7,20,3321
7,21,7924
7,22,1463
7,23,11194
7,24,6783
7,25,205
7,26,101
7,27,2800
7,28,187
7,29,259
7,30,1171
7,31,186
7,32,228
7,33,240
7,34,2645
7,35,1061
7,36,538
7,37,78
7,38,4841
7,39,497
7,40,855
7,41,553
7,42,2464
7,43,1944
7,44,849
7,45,11222
7,46,1084
7,47,1965
7,48,1784
7,49,423
7,50,1262
7,51,2491
7,52,756
7,53,3051
7,54,1161
7,55,511
7,56,437
7,57,1588
7,58,1758
7,59,6694
7,60,3700
7,61,73
7,62,742
7,63,724
7,64,332
7,65,666
7,66,5084
7,67,1513
7,68,662
7,69,2595
7,70,777
7,71,1216
7,72,1383
7,73,88
7,74,9591
7,75,442
7,76,2702
7,77,575
7,78,12504
7,79,929
7,80,466
7,81,82
7,82,918
7,83,8179
7,84,4368
7,85,1103
7,86,5856
7,87,3881
7,88,51
7,89,2736
7,90,1165
7,91,655
7,92,471
8,0,162
8,1,372
8,2,160
8,3,1040
8,4,70
8,5,78
8,6,123
8,7,264
8,9,238
8,10,657
8,11,435
8,12,109
8,13,614
8,14,39
8,15,722
8,16,522
8,17,282
8,18,263
8,19,50
8,20,482
8,21,860
8,22,147
8,23,845
8,24,712
8,25,133
8,26,38
8,27,599
8,28,113
8,29,75
8,30,92
8,31,64
8,32,54
8,33,256
8,34,450
8,35,149
8,36,123
8,37,68
8,38,355
8,39,121
8,40,236
8,41,77
8,42,407
8,43,319
8,44,92
8,45,910
8,46,240
8,47,211
8,48,245
8,49,94
8,50,130
8,51,311
8,52,1126
8,53,249
8,54,84
8,55,86
8,56,166
8,57,399
8,58,143
8,59,440
8,60,388
8,61,45
8,62,89
8,63,190
8,64,51
8,65,136
8,66,378
8,67,523
8,68,131
8,69,343
8,70,116
8,71,84
8,72,107
8,73,34
8,74,562
8,75,127
8,76,343
8,77,64
8,78,889
8,79,577
8,80,54
8,81,47
8,82,442
8,83,1027
8,84,468
8,85,205
8,86,495
8,87,483
8,88,40
8,89,170
8,90,126
8,91,118
8,92,378
9,0,699
9,1,354
9,2,1200
9,3,4130
9,4,398
9,5,217
9,6,439
9,7,4173
9,8,238
9,10,6060
9,11,6124
9,12,1005
9,13,4417
9,14,129
9,15,5519
9,16,3154
9,17,506
9,18,2894
9,19,79
9,20,5369
9,21,6575
9,22,1224
9,23,10502
9,24,5415
9,25,185
9,26,109
9,27,4015
9,28,124
9,29,322
9,30,850
9,31,135
9,32,275
9,33,185
9,34,2386
9,35,847
9,36,421
9,37,82
9,38,4009
9,39,273
9,40,682
9,41,540
9,42,2005
9,43,1138
9,44,761
9,45,10643
9,46,1232
9,47,1681
9,48,1984
9,49,504
9,50,915
9,51,4117
9,52,612
9,53,2239
9,54,837
9,55,399
9,56,572
9,57,1696
9,58,1237
9,59,7891
9,60,2206
9,61,60
9,62,720
9,63,680
9,64,205
9,65,1016
9,66,8495
9,67,1100
9,68,494
9,69,2151
9,70,1047
9,71,751
9,72,1828
9,73,72
9,74,8017
9,75,312
9,76,2201
9,77,438
9,78,11291
9,79,524
9,80,219
9,81,60
9,82,626
9,83,8221
9,84,2703
9,85,1730
9,86,4750
9,87,3532
9,88,38
9,89,1395
9,90,783
9,91,336
9,92,352
10,0,1575
10,1,763
10,2,1893
10,3,6677
10,4,659
10,5,282
10,6,564
10,7,4439
10,8,657
10,9,6060
10,11,14411
10,12,1403
10,13,5842
10,14,113
10,15,9501
10,16,5385
10,17,1193
10,18,3346
10,19,142
10,20,13604
10,21,11382
10,22,1633
10,23,16058
10,24,7493
10,25,424
10,26,262
10,27,9907
10,28,249
10,29,789
10,30,1342
10,31,210
10,32,757
10,33,548
10,34,5100
10,35,1109
10,36,876
10,37,97
10,38,6498
10,39,428
10,40,834
10,41,739
10,42,4305
10,43,1829
10,44,755
10,45,16613
10,46,2958
10,47,2427
10,48,3132
10,49,1623
10,50,1058
10,51,10524
10,52,1349
10,53,2795
10,54,690
10,55,481
10,56,1763
10,57,4222
10,58,1162
10,59,10465
10,60,3172
10,61,132
10,62,915
10,63,2022
10,64,235
10,65,3193
10,66,8946
10,67,2068
10,68,707
10,69,4112
10,70,2600
10,71,905
10,72,1902
10,73,92
10,74,9367
10,75,408
10,76,4187
10,77,305
10,78,17017
10,79,1149
10,80,232
10,81,157
10,82,1143
10,83,16316
10,84,3720
10,85,3552
10,86,5631
10,87,4713
10,88,60
10,89,1677
10,90,877
10,91,475
10,92,974
11,0,1631
11,1,503
11,2,1916
11,3,6504
11,4,778
11,5,261
11,6,489
11,7,4238
11,8,435
11,9,6124
11,10,14411
11,12,1479
11,13,5221
11,14,132
11,15,8586
11,16,4515
11,17,1215
11,18,3185
11,19,111
11,20,15365
11,21,10127
11,22,1456
11,23,15119
11,24,7025
11,25,253
11,26,216
11,27,9238
11,28,211
11,29,570
11,30,1493
11,31,165
11,32,741
11,33,315
11,34,5696
11,35,955
11,36,752
11,37,105
11,38,5992
11,39,327
11,40,695
11,41,916
11,42,4497
11,43,1546
11,44,824
11,45,15661
11,46,2289
11,47,2142
11,48,1978
11,49,1515
11,50,950
11,51,12198
11,52,1057
11,53,2483
11,54,632
11,55,547
11,56,1657
11,57,3147
11,58,1315
11,59,11040
11,60,2671
11,61,96
11,62,725
11,63,1575
11,64,253
11,65,3194
11,66,8197
11,67,1899
11,68,569
11,69,4010
11,70,3115
11,71,806
11,72,1711
11,73,89
11,74,8816
11,75,338
11,76,4012
11,77,418
11,78,16142
11,79,874
11,80,229
11,81,135
11,82,1016
11,83,14710
11,84,3263
11,85,3572
11,86,5132
11,87,4108
11,88,58
11,89,1651
11,90,807
11,91,452
11,92,609
12,0,406
12,1,180
12,2,2532
12,3,1763
12,4,94
12,5,113
12,6,157
12,7,1383
12,8,109
12,9,1005
12,10,1403
12,11,1479
12,13,1491
12,14,67
12,15,2276
12,16,1385
12,17,294
12,18,890
12,19,113
12,20,1123
12,21,2358
12,22,409
12,23,2791
12,24,1806
12,25,81
12,26,72
12,27,838
12,28,98
12,29,132
12,30,1818
12,31,156
12,32,133
12,33,102
12,34,1214
12,35,438
12,36,221
12,37,60
12,38,1445
12,39,141
12,40,238
12,41,223
12,42,1202
12,43,580
12,44,575
12,45,2859
12,46,370
12,47,558
12,48,559
12,49,206
12,50,365
12,51,848
12,52,285
12,53,581
12,54,295
12,55,182
12,56,187
12,57,668
12,58,528
12,59,1578
12,60,1016
12,61,43
12,62,238
12,63,307
12,64,126
12,65,298
12,66,1311
12,67,496
12,68,182
12,69,1512
12,70,562
12,71,276
12,72,542
12,73,53
12,74,2245
12,75,167
12,76,1163
12,77,177
12,78,3069
12,79,253
12,80,123
12,81,49
12,82,422
12,83,2265
12,84,1053
12,85,360
12,86,1479
12,87,1156
12,88,41
12,89,739
12,90,321
12,91,164
12,92,185
13,0,1366
13,1,1152
13,2,1811
13,3,9412
13,4,308
13,5,602
13,6,753
13,7,6285
13,8,614
13,9,4417
13,10,5842
13,11,5221
13,12,1491
13,14,192
13,15,9457
13,16,5784
13,17,1126
13,18,5557
13,19,136
13,20,4048
13,21,10137
13,22,1595
13,23,13140
13,24,9887
13,25,472
13,26,180
13,27,4491
13,28,363
13,29,524
13,30,1280
13,31,247
13,32,505
13,33,602
13,34,4193
13,35,1089
13,36,1037
13,37,138
13,38,5753
13,39,838
13,40,1457
13,41,874
13,42,4025
13,43,4040
13,44,1072
13,45,13526
13,46,2053
13,47,2911
13,48,4015
13,49,710
13,50,1497
13,51,3197
13,52,1454
13,53,4076
13,54,1331
13,55,739
13,56,794
13,57,3263
13,58,2369
13,59,6698
13,60,4104
13,61,92
13,62,1304
13,63,1296
13,64,492
13,65,1027
13,66,6526
13,67,3192
13,68,1116
13,69,3271
13,70,941
13,71,1689
13,72,1483
13,73,87
13,74,9394
13,75,596
13,76,4166
13,77,800
13,78,14518
13,79,1887
13,80,507
13,81,118
13,82,1570
13,83,11849
13,84,6615
13,85,1079
13,86,6320
13,87,6085
13,88,55
13,89,3688
13,90,1687
13,91,993
13,92,1099
14,0,112
14,1,58
14,2,65
14,3,217
14,4,71
14,5,39
14,6,49
14,7,141
14,8,39
14,9,129
14,10,113
14,11,132
14,12,67
14,13,192
14,15,203
14,16,95
14,17,95
14,18,105
14,19,30
14,20,99
14,21,183
14,22,49
14,23,246
14,24,224
14,25,35
14,26,40
14,27,94
14,28,41
14,29,39
14,30,71
14,31,34
14,32,51
14,33,41
14,34,179
14,35,60
14,36,65
14,37,46
14,38,137
14,39,45
14,40,89
14,41,68
14,42,203
14,43,78
14,44,76
14,45,253
14,46,57
14,47,79
14,48,74
14,49,42
14,50,59
14,51,88
14,52,79
14,53,93
14,54,56
14,55,101
14,56,50
14,57,82
14,58,100
14,59,142
14,60,102
14,61,34
14,62,54
14,63,48
14,64,65
14,65,47
14,66,123
14,67,71
14,68,54
14,69,96
14,70,58
14,71,53
14,72,51
14,73,39
14,74,194
14,75,47
14,76,92
14,77,88
14,78,257
14,79,64
14,80,70
14,81,33
14,82,72
14,83,205
14,84,165
14,85,51
14,86,135
14,87,140
14,88,31
14,89,96
14,90,57
14,91,89
14,92,61
15,0,2334
15,1,1660
15,2,2765
15,3,10601
15,4,354
15,5,443
15,6,880
15,7,5870
15,8,722
15,9,5519
15,10,9501
15,11,8586
15,12,2276
15,13,9457
15,14,203
15,16,7535
15,17,1854
15,18,4490
15,19,160
15,20,7193
15,21,15473
15,22,2160
15,23,17314
15,24,11548
15,25,749
15,26,301
15,27,8864
15,28,425
15,29,982
15,30,2078
15,31,289
15,32,668
15,33,903
15,34,7125
15,35,1655
15,36,1301
15,37,145
15,38,8250
15,39,644
15,40,2154
15,41,1126
15,42,6711
15,43,2969
15,44,2100
15,45,17989
15,46,4132
15,47,3486
15,48,8386
15,49,1259
15,50,1691
15,51,5186
15,52,1717
15,53,4098
15,54,955
15,55,860
15,56,1253
15,57,7773
15,58,2294
15,59,8853
15,60,5039
15,61,121
15,62,2273
15,63,2870
15,64,384
15,65,1909
15,66,9062
15,67,3553
15,68,1478
15,69,7414
15,70,1770
15,71,1415
15,72,2211
15,73,109
15,74,11545
15,75,664
15,76,5316
15,77,670
15,78,18941
15,79,1821
15,80,484
15,81,146
15,82,1973
15,83,16056
15,84,6907
15,85,1646
15,86,7877
15,87,11334
15,88,73
15,89,2736
15,90,1449
15,91,926
15,92,1719
16,0,1128
16,1,784
16,2,1838
16,3,6869
16,4,167
16,5,425
16,6,467
16,7,4521
16,8,522
16,9,3154
16,10,5385
16,11,4515
16,12,1385
16,13,5784
16,14,95
16,15,7535
16,17,992
16,18,3504
16,19,163
16,20,4057
16,21,10094
16,22,1952
16,23,11538
16,24,6877
16,25,352
16,26,123
16,27,4147
16,28,290
16,29,347
16,30,1189
16,31,240
16,32,308
16,33,475
16,34,3525
16,35,1018
16,36,600
16,37,88
16,38,6339
16,39,484
16,40,853
16,41,550
16,42,3393
16,43,2529
16,44,807
16,45,11820
16,46,1667
16,47,2340
16,48,2610
16,49,681
16,50,1023
16,51,2782
16,52,1015
16,53,2627
16,54,823
16,55,392
16,56,617
16,57,3068
16,58,1305
16,59,5312
16,60,3321
16,61,126
16,62,794
16,63,1572
16,64,233
16,65,1009
16,66,5717
16,67,2336
16,68,724
16,69,3501
16,70,856
16,71,1121
16,72,1578
16,73,82
16,74,8123
16,75,436
16,76,3226
16,77,329
16,78,12293
16,79,1485
16,80,199
16,81,150
16,82,1210
16,83,9619
16,84,4258
16,85,991
16,86,5390
16,87,4729
16,88,59
16,89,2103
16,90,1034
16,91,392
16,92,803
17,0,705
17,1,273
17,2,333
17,3,1938
17,4,93
17,5,78
17,6,158
17,7,648
17,8,282
17,9,506
17,10,1193
17,11,1215
17,12,294
17,13,1126
17,14,95
17,15,1854
17,16,992
17,18,444
17,19,52
17,20,1036
17,21,1864
17,22,269
17,23,2014
17,24,1529
17,25,143
17,26,85
17,27,1130
17,28,190
17,29,137
17,30,337
17,31,66
17,32,189
17,33,158
17,34,1591
17,35,238
17,36,267
17,37,103
17,38,1165
17,39,82
17,40,257
17,41,228
17,42,1523
17,43,590
17,44,187
17,45,2096
17,46,438
17,47,435
17,48,490
17,49,310
17,50,180
17,51,705
17,52,684
17,53,398
17,54,135
17,55,245
17,56,312
17,57,805
17,58,271
17,59,923
17,60,663
17,61,49
17,62,176
17,63,390
17,64,96
17,65,373
17,66,905
17,67,684
17,68,172
17,69,767
17,70,258
17,71,162
17,72,260
17,73,49
17,74,1298
17,75,118
17,76,773
17,77,109
17,78,2022
17,79,591
17,80,82
17,81,55
17,82,648
17,83,1960
17,84,887
17,85,278
17,86,990
17,87,901
17,88,32
17,89,374
17,90,145
17,91,174
17,92,316
18,0,640
18,1,687
18,2,1036
18,3,5168
18,4,257
18,5,407
18,6,560
18,7,4218
18,8,263
18,9,2894
18,10,3346
18,11,3185
18,12,890
18,13,5557
18,14,105
18,15,4490
18,16,3504
18,17,444
18,19,84
18,20,2435
18,21,6182
18,22,1358
18,23,7712
18,24,6069
18,25,310
18,26,92
18,27,2070
18,28,227
18,29,227
18,30,764
18,31,176
18,32,202
18,33,339
18,34,2044
18,35,711
18,36,557
18,37,85
18,38,3678
18,39,594
18,40,848
18,41,652
18,42,2003
18,43,2079
18,44,537
18,45,7900
18,46,775
18,47,2078
18,48,1721
18,49,321
18,50,1288
18,51,2108
18,52,674
18,53,3716
18,54,971
18,55,368
18,56,290
18,57,1159
18,58,1859
18,59,4346
18,60,2381
18,61,67
18,62,699
18,63,450
18,64,326
18,65,456
18,66,4055
18,67,1704
18,68,899
18,69,1537
18,70,548
18,71,1832
18,72,936
18,73,74
18,74,6219
18,75,455
18,76,2186
18,77,520
18,78,8797
18,79,1009
18,80,326
18,81,67
18,82,865
18,83,6720
18,84,4056
18,85,1012
18,86,4832
18,87,3151
18,88,43
18,89,2388
18,90,1408
18,91,563
18,92,641
19,0,69
19,1,50
19,2,160
19,3,156
19,4,37
19,5,47
19,6,38
19,7,122
19,8,50
19,9,79
19,10,142
19,11,111
19,12,113
19,13,136
19,14,30
19,15,160
19,16,163
19,17,52
19,18,84
19,20,115
19,21,240
19,22,85
19,23,252
19,24,153
19,25,41
19,26,32
19,27,109
19,28,37
19,29,36
19,30,112
19,31,66
19,32,38
19,33,42
19,34,111
19,35,53
19,36,47
19,37,32
19,38,191
19,39,38
19,40,35
19,41,53
19,42,116
19,43,82
19,44,43
19,45,255
19,46,58
19,47,81
19,48,60
19,49,53
19,50,48
19,51,85
19,52,58
19,53,63
19,54,51
19,55,35
19,56,42
19,57,112
19,58,50
19,59,134
19,60,178
19,61,45
19,62,38
19,63,81
19,64,37
19,65,46
19,66,137
19,67,80
19,68,53
19,69,119
19,70,51
19,71,55
19,72,73
19,73,36
19,74,203
19,75,42
19,76,106
19,77,34
19,78,253
19,79,81
19,80,35
19,81,49
19,82,67
19,83,213
19,84,117
19,85,54
19,86,132
19,87,111
19,88,41
19,89,74
19,90,54
19,91,62
19,92,56
20,0,1394
20,1,412
20,2,1695
20,3,5466
20,4,720
20,5,224
20,6,417
20,7,3321
20,8,482
20,9,5369
20,10,13604
20,11,15365
20,12,1123
20,13,4048
20,14,99
20,15,7193
20,16,4057
20,17,1036
20,18,2435
20,19,115
20,21,8861
20,22,1253
20,23,13529
20,24,5679
20,25,231
20,26,198
20,27,9341
20,28,212
20,29,531
20,30,1113
20,31,150
20,32,657
20,33,287
20,34,5105
20,35,820
20,36,589
20,37,83
20,38,5000
20,39,256
20,40,494
20,41,730
20,42,3913
20,43,1265
20,44,569
20,45,14059
20,46,2142
20,47,1675
20,48,1498
20,49,1453
20,50,727
20,51,11449
20,52,953
20,53,1918
20,54,432
20,55,387
20,56,1602
20,57,3159
20,58,867
20,59,10133
20,60,2303
20,61,121
20,62,492
20,63,1693
20,64,169
20,65,3143
20,66,7274
20,67,1732
20,68,445
20,69,3745
20,70,2920
20,71,535
20,72,1443
20,73,83
20,74,7445
20,75,277
20,76,3505
20,77,292
20,78,14349
20,79,888
20,80,151
20,81,159
20,82,926
20,83,13360
20,84,2592
20,85,3484
20,86,4194
20,87,3323
20,88,56
20,89,1088
20,90,584
20,91,379
20,92,555
21,0,2338
21,1,1360
21,2,3126
21,3,11987
21,4,340
21,5,602
21,6,848
21,7,7924
21,8,860
21,9,6575
21,10,11382
21,11,10127
21,12,2358
21,13,10137
21,14,183
21,15,15473
21,16,10094
21,17,1864
21,18,6182
21,19,240
21,20,8861
21,22,4126
21,23,22272
21,24,13165
21,25,670
21,26,271
21,27,9994
21,28,449
21,29,820
21,30,2162
21,31,366
21,32,797
21,33,836
21,34,7377
21,35,1849
21,36,1461
21,37,151
21,38,13896
21,39,762
21,40,1501
21,41,1236
21,42,6953
21,43,4080
21,44,1432
21,45,22928
21,46,3509
21,47,5460
21,48,5735
21,49,1526
21,50,1838
21,51,6535
21,52,1847
21,53,4792
21,54,1404
21,55,752
21,56,1567
21,57,6491
21,58,2484
21,59,11001
21,60,6404
21,61,172
21,62,1560
21,63,3116
21,64,404
21,65,2476
21,66,11096
21,67,3926
21,68,1247
21,69,6639
21,70,2103
21,71,2260
21,72,3040
21,73,130
21,74,15164
21,75,744
21,76,6428
21,77,594
21,78,23469
21,79,2121
21,80,395
21,81,221
21,82,2071
21,83,19801
21,84,7801
21,85,2080
21,86,9611
21,87,8716
21,88,67
21,89,3618
21,90,2054
21,91,906
21,92,1531
22,0,368
22,1,135
22,2,579
22,3,1772
22,4,59
22,5,221
22,6,141
22,7,1463
22,8,147
22,9,1224
22,10,1633
22,11,1456
22,12,409
22,13,1595
22,14,49
22,15,2160
22,16,1952
22,17,269
22,18,1358
22,19,85
22,20,1253
22,21,4126
22,23,4041
22,24,2275
22,25,96
22,26,65
22,27,1684
22,28,79
22,29,92
22,30,350
22,31,111
22,32,159
22,33,97
22,34,1146
22,35,306
22,36,231
22,37,39
22,38,4208
22,39,121
22,40,162
22,41,212
22,42,1050
22,43,603
22,44,257
22,45,4116
22,46,455
22,47,1581
22,48,584
22,49,270
22,50,289
22,51,864
22,52,225
22,53,950
22,54,239
22,55,117
22,56,239
22,57,791
22,58,460
22,59,1641
22,60,1128
22,61,107
22,62,165
22,63,714
22,64,79
22,65,409
22,66,2091
22,67,1101
22,68,176
22,69,1366
22,70,329
22,71,708
22,72,663
22,73,63
22,74,2931
22,75,135
22,76,1163
22,77,100
22,78,4172
22,79,258
22,80,72
22,81,74
22,82,270
22,83,3552
22,84,1294
22,85,279
22,86,1688
22,87,1814
22,88,43
22,89,471
22,90,411
22,91,116
22,92,175
23,0,2556
23,1,1211
23,2,3581
23,3,14479
23,4,609
23,5,696
23,6,1018
23,7,11194
23,8,845
23,9,10502
23,10,16058
23,11,15119
23,12,2791
23,13,13140
23,14,246
23,15,17314
23,16,11538
23,17,2014
23,18,7712
23,19,252
23,20,13529
23,21,22272
23,22,4041
23,24,17106
23,25,589
23,26,303
23,27,12485
23,28,446
23,29,949
23,30,2420
23,31,415
23,32,877
23,33,687
23,34,8244
23,35,2156
23,36,1595
23,37,176
23,38,14337
23,39,799
23,40,1626
23,41,1496
23,42,7632
23,43,4834
23,44,1619
23,45,34706
23,46,4102
23,47,5459
23,48,5948
23,49,1785
23,50,2193
23,51,9914
23,52,2065
23,53,5783
23,54,1859
23,55,1011
23,56,1930
23,57,6681
23,58,3059
23,59,15970
23,60,7733
23,61,174
23,62,1835
23,63,3057
23,64,508
23,65,3274
23,66,15490
23,67,4340
23,68,1287
23,69,7039
23,70,2716
23,71,2362
23,72,3698
23,73,139
23,74,20078
23,75,778
23,76,7331
23,77,908
23,78,32816
23,79,2318
23,80,559
23,81,221
23,82,2175
23,83,25561
23,84,9281
23,85,3463
23,86,11909
23,87,9626
23,88,72
23,89,4591
23,90,2175
23,91,1167
23,92,1304
24,0,1870
24,1,1443
24,2,2201
24,3,11824
24,4,383
24,5,499
24,6,831
24,7,6783
24,8,712
24,9,5415
24,10,7493
24,11,7025
24,12,1806
24,13,9887
24,14,224
24,15,11548
24,16,6877
24,17,1529
24,18,6069
24,19,153
24,20,5679
24,21,13165
24,22,2275
24,23,17106
24,25,579
24,26,222
24,27,6121
24,28,456
24,29,677
24,30,1625
24,31,316
24,32,541
24,33,835
24,34,5643
24,35,1458
24,36,1563
24,37,171
24,38,8096
24,39,821
24,40,1758
24,41,1262
24,42,5460
24,43,3760
24,44,1214
24,45,17591
24,46,2468
24,47,4043
24,48,4267
24,49,931
24,50,1837
24,51,4409
24,52,1784
24,53,4785
24,54,1380
24,55,883
24,56,1106
24,57,3951
24,58,2908
24,59,8214
24,60,5028
24,61,103
24,62,1777
24,63,1397
24,64,446
24,65,1402
24,66,7761
24,67,3402
24,68,1252
24,69,3774
24,70,1219
24,71,2025
24,72,1866
24,73,116
24,74,12252
24,75,732
24,76,4826
24,77,859
24,78,18025
24,79,2185
24,80,511
24,81,147
24,82,2061
24,83,15176
24,84,8942
24,85,1670
24,86,7760
24,87,7092
24,88,61
24,89,3652
24,90,1921
24,91,1263
24,92,1435
25,0,128
25,1,429
25,2,103
25,3,621
25,4,47
25,5,52
25,6,120
25,7,205
25,8,133
25,9,185
25,10,424
25,11,253
25,12,81
25,13,472
25,14,35
25,15,749
25,16,352
25,17,143
25,18,310
25,19,41
25,20,231
25,21,670
25,22,96
25,23,589
25,24,579
25,26,48
25,27,379
25,28,70
25,29,91
25,30,93
25,31,50
25,32,59
25,33,502
25,34,302
25,35,156
25,36,116
25,37,41
25,38,297
25,39,109
25,40,353
25,41,83
25,42,303
25,43,180
25,44,90
25,45,635
25,46,214
25,47,197
25,48,347
25,49,97
25,50,139
25,51,181
25,52,211
25,53,337
25,54,69
25,55,72
25,56,79
25,57,350
25,58,157
25,59,286
25,60,229
25,61,43
25,62,124
25,63,135
25,64,59
25,65,97
25,66,310
25,67,255
25,68,225
25,69,214
25,70,71
25,71,152
25,72,79
25,73,35
25,74,397
25,75,106
25,76,216
25,77,60
25,78,658
25,79,223
25,80,62
25,81,39
25,82,176
25,83,689
25,84,412
25,85,133
25,86,416
25,87,533
25,88,36
25,89,161
25,90,115
25,91,93
25,92,599
26,0,117
26,1,60
26,2,81
26,3,177
26,4,44
26,5,38
26,6,51
26,7,101
26,8,38
26,9,109
26,10,262
26,11,216
26,12,72
26,13,180
26,14,40
26,15,301
26,16,123
26,17,85
26,18,92
26,19,32
26,20,198
26,21,271
26,22,65
26,23,303
26,24,222
26,25,48
26,27,213
26,28,34
26,29,122
26,30,84
26,31,37
26,32,96
26,33,50
26,34,197
26,35,58
26,36,85
26,37,40
26,38,190
26,39,33
26,40,57
26,41,68
26,42,209
26,43,75
26,44,56
26,45,325
26,46,141
26,47,90
26,48,136
26,49,132
26,50,51
26,51,171
26,52,72
26,53,83
26,54,52
26,55,45
26,56,112
26,57,185
26,58,65
26,59,171
26,60,101
26,61,34
26,62,64
26,63,105
26,64,45
26,65,131
26,66,168
26,67,80
26,68,55
26,69,140
26,70,78
26,71,48
26,72,71
26,73,38
26,74,195
26,75,49
26,76,134
26,77,44
26,78,321
26,79,68
26,80,42
26,81,35
26,82,57
26,83,315
26,84,101
26,85,76
26,86,144
26,87,132
26,88,30
26,89,78
26,90,42
26,91,44
26,92,69
27,0,1385
27,1,696
27,2,1288
27,3,5565
27,4,363
27,5,206
27,6,428
27,7,2800
27,8,599
27,9,4015
27,10,9907
27,11,9238
27,12,838
27,13,4491
27,14,94
27,15,8864
27,16,4147
27,17,1130
27,18,2070
27,19,109
27,20,9341
27,21,9994
27,22,1684
27,23,12485
27,24,6121
27,25,379
27,26,213
27,28,246
27,29,723
27,30,881
27,31,175
27,32,621
27,33,480
27,34,4593
27,35,830
27,36,762
27,37,90
27,38,5837
27,39,253
27,40,679
27,41,666
27,42,3887
27,43,1445
27,44,628
27,45,13049
27,46,2771
27,47,2149
27,48,3505
27,49,1235
27,50,674
27,51,6543
27,52,1012
27,53,1941
27,54,370
27,55,338
27,56,1361
27,57,5168
27,58,712
27,59,7102
27,60,2749
27,61,158
27,62,862
27,63,2418
27,64,157
27,65,2231
27,66,6674
27,67,2058
27,68,596
27,69,3971
27,70,1715
27,71,661
27,72,1537
27,73,83
27,74,7245
27,75,277
27,76,3312
27,77,215
27,78,13118
27,79,1144
27,80,138
27,81,177
27,82,1018
27,83,12194
27,84,3119
27,85,2122
27,86,4313
27,87,4570
27,88,61
27,89,997
27,90,589
27,91,341
27,92,864
28,0,138
28,1,153
28,2,101
28,3,662
28,4,46
28,5,46
28,6,81
28,7,187
28,8,113
28,9,124
28,10,249
28,11,211
28,12,98
28,13,363
28,14,41
28,15,425
28,16,290
28,17,190
28,18,227
28,19,37
28,20,212
28,21,449
28,22,79
28,23,446
28,24,456
28,25,70
28,26,34
28,27,246
28,29,41
28,30,92
28,31,45
28,32,45
28,33,96
28,34,373
28,35,128
28,36,87
28,37,58
28,38,252
28,39,77
28,40,128
28,41,122
28,42,337
28,43,226
28,44,77
28,45,480
28,46,93
28,47,141
28,48,105
28,49,60
28,50,113
28,51,140
28,52,232
28,53,189
28,54,71
28,55,95
28,56,72
28,57,184
28,58,161
28,59,245
28,60,214
28,61,33
28,62,64
28,63,86
28,64,46
28,65,63
28,66,203
28,67,271
28,68,95
28,69,195
28,70,68
28,71,86
28,72,94
28,73,37
28,74,341
28,75,93
28,76,200
28,77,90
28,78,493
28,79,353
28,80,48
28,81,37
28,82,540
28,83,436
28,84,348
28,85,116
28,86,329
28,87,234
28,88,26
28,89,130
28,90,89
28,91,87
28,92,150
29,0,177
29,1,127
29,2,171
29,3,511
29,4,53
29,5,44
29,6,80
29,7,259
29,8,75
29,9,322
29,10,789
29,11,570
29,12,132
29,13,524
29,14,39
29,15,982
29,16,347
29,17,137
29,18,227
29,19,36
29,20,531
29,21,820
29,22,92
29,23,949
29,24,677
29,25,91
29,26,122
29,27,723
29,28,41
29,30,133
29,31,48
29,32,107
29,33,105
29,34,380
29,35,109
29,36,121
29,37,35
29,38,382
29,39,61
29,40,117
29,41,90
29,42,382
29,43,145
29,44,103
29,45,1008
29,46,406
29,47,233
29,48,565
29,49,170
29,50,91
29,51,400
29,52,139
29,53,243
29,54,71
29,55,66
29,56,191
29,57,632
29,58,121
29,59,504
29,60,253
29,61,37
29,62,176
29,63,199
29,64,54
29,65,230
29,66,542
29,67,156
29,68,108
29,69,309
29,70,126
29,71,107
29,72,151
29,73,32
29,74,599
29,75,70
29,76,276
29,77,59
29,78,1016
29,79,125
29,80,53
29,81,41
29,82,118
29,83,990
29,84,374
29,85,168
29,86,397
29,87,514
29,88,30
29,89,153
29,90,84
29,91,73
29,92,166
30,0,412
30,1,146
30,2,2108
30,3,1530
30,4,94
30,5,105
30,6,116
30,7,1171
30,8,92
30,9,850
30,10,1342
30,11,1493
30,12,1818
30,13,1280
30,14,71
30,15,2078
30,16,1189
30,17,337
30,18,764
30,19,112
30,20,1113
30,21,2162
30,22,350
30,23,2420
30,24,1625
30,25,93
30,26,84
30,27,881
30,28,92
30,29,133
30,31,152
30,32,181
30,33,91
30,34,1276
30,35,389
30,36,278
30,37,53
30,38,1399
30,39,126
30,40,212
30,41,263
30,42,1289
30,43,478
30,44,392
30,45,2481
30,46,390
30,47,521
30,48,476
30,49,278
30,50,339
30,51,872
30,52,253
30,53,529
30,54,294
30,55,151
30,56,255
30,57,677
30,58,433
30,59,1339
30,60,814
30,61,54
30,62,245
30,63,324
30,64,116
30,65,402
30,66,1184
30,67,398
30,68,177
30,69,1382
30,70,542
30,71,292
30,72,564
30,73,61
30,74,1943
30,75,154
30,76,1102
30,77,147
30,78,2650
30,79,211
30,80,115
30,81,57
30,82,343
30,83,2047
30,84,931
30,85,393
30,86,1261
30,87,937
30,88,33
30,89,643
30,90,285
30,91,167
30,92,181
31,0,74
31,1,67
31,2,231
31,3,271
31,4,38
31,5,67
31,6,40
31,7,186
31,8,64
31,9,135
31,10,210
31,11,165
31,12,156
31,13,247
31,14,34
31,15,289
31,16,240
31,17,66
31,18,176
31,19,66
31,20,150
31,21,366
31,22,111
31,23,415
31,24,316
31,25,50
31,26,37
31,27,175
31,28,45
31,29,48
31,30,152
31,32,39
31,33,52
31,34,135
31,35,72
31,36,67
31,37,40
31,38,235
31,39,56
31,40,71
31,41,56
31,42,162
31,43,126
31,44,66
31,45,418
31,46,93
31,47,113
31,48,123
31,49,52
31,50,77
31,51,114
31,52,77
31,53,159
31,54,84
31,55,49
31,56,51
31,57,171
31,58,85
31,59,199
31,60,194
31,61,48
31,62,74
31,63,90
31,64,45
31,65,57
31,66,209
31,67,123
31,68,62
31,69,161
31,70,59
31,71,92
31,72,87
31,73,31
31,74,308
31,75,55
31,76,150
31,77,46
31,78,453
31,79,101
31,80,39
31,81,57
31,82,83
31,83,366
31,84,234
31,85,74
31,86,211
31,87,201
31,88,40
31,89,160
31,90,71
31,91,66
31,92,72
32,0,273
32,1,69
32,2,171
32,3,479
32,4,65
32,5,53
32,6,73
32,7,228
32,8,54
32,9,275
32,10,757
32,11,741
32,12,133
32,13,505
32,14,51
32,15,668
32,16,308
32,17,189
32,18,202
32,19,38
32,20,657
32,21,797
32,22,159
32,23,877
32,24,541
32,25,59
32,26,96
32,27,621
32,28,45
32,29,107
32,30,181
32,31,39
32,33,52
32,34,528
32,35,100
32,36,146
32,37,41
32,38,590
32,39,42
32,40,77
32,41,141
32,42,483
32,43,163
32,44,79
32,45,923
32,46,274
32,47,266
32,48,229
32,49,275
32,50,74
32,51,529
32,52,98
32,53,175
32,54,85
32,55,76
32,56,272
32,57,299
32,58,101
32,59,501
32,60,219
32,61,45
32,62,92
32,63,183
32,64,52
32,65,305
32,66,442
32,67,159
32,68,78
32,69,325
32,70,205
32,71,119
32,72,174
32,73,38
32,74,524
32,75,54
32,76,385
32,77,55
32,78,880
32,79,97
32,80,52
32,81,43
32,82,82
32,83,914
32,84,241
32,85,164
32,86,344
32,87,315
32,88,30
32,89,184
32,90,68
32,91,52
32,92,89
33,0,144
33,1,739
33,2,101
33,3,896
33,4,53
33,5,54
33,6,136
33,7,240
33,8,256
33,9,185
33,10,548
33,11,315
33,12,102
33,13,602
33,14,41
33,15,903
33,16,475
33,17,158
33,18,339
33,19,42
33,20,287
33,21,836
33,22,97
33,23,687
33,24,835
33,25,502
33,26,50
33,27,480
33,28,96
33,29,105
33,30,91
33,31,52
33,32,52
33,34,345
33,35,151
33,36,129
33,37,50
33,38,319
33,39,201
33,40,531
33,41,92
33,42,329
33,43,211
33,44,89
33,45,748
33,46,265
33,47,209
33,48,354
33,49,86
33,50,183
33,51,206
33,52,387
33,53,416
33,54,78
33,55,79
33,56,110
33,57,412
33,58,174
33,59,322
33,60,296
33,61,41
33,62,137
33,63,136
33,64,60
33,65,105
33,66,336
33,67,352
33,68,282
33,69,211
33,70,75
33,71,160
33,72,101
33,73,38
33,74,428
33,75,148
33,76,251
33,77,65
33,78,796
33,79,409
33,80,73
33,81,43
33,82,256
33,83,984
33,84,585
33,85,161
33,86,475
33,87,641
33,88,30
33,89,188
33,90,184
33,91,112
33,92,945
34,0,2251
34,1,634
34,2,1485
34,3,6185
34,4,262
34,5,225
34,6,393
34,7,2645
34,8,450
34,9,2386
34,10,5100
34,11,5696
34,12,1214
34,13,4193
34,14,179
34,15,7125
34,16,3525
34,17,1591
34,18,2044
34,19,111
34,20,5105
34,21,7377
34,22,1146
34,23,8244
34,24,5643
34,25,302
34,26,197
34,27,4593
34,28,373
34,29,380
34,30,1276
34,31,135
34,32,528
34,33,345
34,35,880
34,36,861
34,37,134
34,38,4579
34,39,256
34,40,665
34,41,857
34,42,6915
34,43,1884
34,44,719
34,45,8578
34,46,1600
34,47,1806
34,48,1810
34,49,1006
34,50,658
34,51,3624
34,52,1081
34,53,1489
34,54,493
34,55,653
34,56,847
34,57,2850
34,58,1265
34,59,4475
34,60,2377
34,61,94
34,62,612
34,63,1448
34,64,266
34,65,1393
34,66,3814
34,67,1966
34,68,565
34,69,3229
34,70,1178
34,71,681
34,72,1114
34,73,93
34,74,5659
34,75,344
34,76,3056
34,77,548
34,78,8591
34,79,1211
34,80,242
34,81,115
34,82,1485
34,83,7498
34,84,3415
34,85,1067
34,86,3746
34,87,3470
34,88,54
34,89,1348
34,90,564
34,91,590
34,92,738
35,0,320
35,1,248
35,2,559
35,3,1528
35,4,68
35,5,93
35,6,157
35,7,1061
35,8,149
35,9,847
35,10,1109
35,11,955
35,12,438
35,13,1089
35,14,60
35,15,1655
35,16,1018
35,17,238
35,18,711
35,19,53
35,20,820
35,21,1849
35,22,306
35,23,2156
35,24,1458
35,25,156
35,26,58
35,27,830
35,28,128
35,29,109
35,30,389
35,31,72
35,32,100
35,33,151
35,34,880
35,36,176
35,37,53
35,38,1094
35,39,153
35,40,237
35,41,148
35,42,825
35,43,529
35,44,323
35,45,2217
35,46,348
35,47,417
35,48,452
35,49,210
35,50,331
35,51,625
35,52,317
35,53,585
35,54,203
35,55,132
35,56,159
35,57,581
35,58,478
35,59,1269
35,60,772
35,61,51
35,62,196
35,63,308
35,64,92
35,65,239
35,66,1186
35,67,514
35,68,215
35,69,974
35,70,274
35,71,327
35,72,405
35,73,56
35,74,1746
35,75,601
35,76,749
35,77,113
35,78,2309
35,79,366
35,80,98
35,81,48
35,82,478
35,83,1749
35,84,831
35,85,448
35,86,1137
35,87,984
35,88,36
35,89,428
35,90,279
35,91,145
35,92,243
36,0,354
36,1,174
36,2,274
36,3,1344
36,4,72
36,5,76
36,6,138
36,7,538
36,8,123
36,9,421
36,10,876
36,11,752
36,12,221
36,13,1037
36,14,65
36,15,1301
36,16,600
36,17,267
36,18,557
36,19,47
36,20,589
36,21,1461
36,22,231
36,23,1595
36,24,1563
36,25,116
36,26,85
36,27,762
36,28,87
36,29,121
36,30,278
36,31,67
36,32,146
36,33,129
36,34,861
36,35,176
36,37,64
36,38,1117
36,39,97
36,40,228
36,41,251
36,42,907
36,43,412
36,44,130
36,45,1667
36,46,428
36,47,564
36,48,479
36,49,246
36,50,231
36,51,477
36,52,300
36,53,525
36,54,189
36,55,173
36,56,258
36,57,608
36,58,339
36,59,613
36,60,452
36,61,56
36,62,271
36,63,251
36,64,112
36,65,294
36,66,704
36,67,305
36,68,179
36,69,451
36,70,143
36,71,325
36,72,212
36,73,53
36,74,1149
36,75,110
36,76,576
36,77,120
36,78,1697
36,79,203
36,80,95
36,81,66
36,82,230
36,83,1578
36,84,1068
36,85,190
36,86,749
36,87,645
36,88,33
36,89,514
36,90,186
36,91,212
36,92,229
37,0,87
37,1,68
37,2,54
37,3,205
37,4,45
37,5,37
37,6,51
37,7,78
37,8,68
37,9,82
37,10,97
37,11,105
37,12,60
37,13,138
37,14,46
37,15,145
37,16,88
37,17,103
37,18,85
37,19,32
37,20,83
37,21,151
37,22,39
37,23,176
37,24,171
37,25,41
37,26,40
37,27,90
37,28,58
37,29,35
37,30,53
37,31,40
37,32,41
37,33,50
37,34,134
37,35,53
37,36,64
37,38,94
37,39,45
37,40,72
37,41,68
37,42,142
37,43,67
37,44,55
37,45,180
37,46,44
37,47,84
37,48,51
37,49,41
37,50,52
37,51,68
37,52,116
37,53,79
37,54,61
37,55,72
37,56,46
37,57,56
37,58,94
37,59,103
37,60,99
37,61,34
37,62,56
37,63,41
37,64,50
37,65,42
37,66,88
37,67,80
37,68,55
37,69,66
37,70,39
37,71,46
37,72,35
37,73,39
37,74,127
37,75,59
37,76,79
37,77,66
37,78,188
37,79,115
37,80,51
37,81,34
37,82,103
37,83,160
37,84,131
37,85,45
37,86,114
37,87,101
37,88,31
37,89,75
37,90,47
37,91,54
37,92,62
38,0,1539
38,1,476
38,2,1900
38,3,6946
38,4,182
38,5,328
38,6,468
38,7,4841
38,8,355
38,9,4009
38,10,6498
38,11,5992
38,12,1445
38,13,5753
38,14,137
38,15,8250
38,16,6339
38,17,1165
38,18,3678
38,19,191
38,20,5000
38,21,13896
38,22,4208
38,23,14337
38,24,8096
38,25,297
38,26,190
38,27,5837
38,28,252
38,29,382
38,30,1399
38,31,235
38,32,590
38,33,319
38,34,4579
38,35,1094
38,36,1117
38,37,94
38,39,338
38,40,644
38,41,893
38,42,4354
38,43,2192
38,44,734
38,45,14577
38,46,1749
38,47,4316
38,48,2133
38,49,1131
38,50,948
38,51,3694
38,52,934
38,53,2642
38,54,923
38,55,481
38,56,1080
38,57,3258
38,58,1502
38,59,6443
38,60,3913
38,61,173
38,62,685
38,63,2232
38,64,251
38,65,1780
38,66,6835
38,67,2027
38,68,574
38,69,4153
38,70,1297
38,71,1629
38,72,2226
38,73,121
38,74,9865
38,75,394
38,76,3936
38,77,388
38,78,14552
38,79,840
38,80,213
38,81,177
38,82,991
38,83,12308
38,84,4382
38,85,1190
38,86,5730
38,87,4281
38,88,48
38,89,2099
38,90,1151
38,91,469
38,92,608
39,0,85
39,1,313
39,2,154
39,3,837
39,4,58
39,5,70
39,6,112
39,7,497
39,8,121
39,9,273
39,10,428
39,11,327
39,12,141
39,13,838
39,14,45
39,15,644
39,16,484
39,17,82
39,18,594
39,19,38
39,20,256
39,21,762
39,22,121
39,23,799
39,24,821
39,25,109
39,26,33
39,27,253
39,28,77
39,29,61
39,30,126
39,31,56
39,32,42
39,33,201
39,34,256
39,35,153
39,36,97
39,37,45
39,38,338
39,40,258
39,41,106
39,42,243
39,43,263
39,44,76
39,45,840
39,46,129
39,47,198
39,48,273
39,49,68
39,50,509
39,51,228
39,52,223
39,53,513
39,54,140
39,55,71
39,56,70
39,57,184
39,58,268
39,59,411
39,60,330
39,61,37
39,62,129
39,63,79
39,64,73
39,65,68
39,66,405
39,67,292
39,68,178
39,69,186
39,70,81
39,71,259
39,72,107
39,73,36
39,74,659
39,75,183
39,76,253
39,77,89
39,78,954
39,79,257
39,80,91
39,81,36
39,82,206
39,83,914
39,84,587
39,85,135
39,86,503
39,87,517
39,88,31
39,89,350
39,90,517
39,91,125
39,92,269
40,0,252
40,1,1118
40,2,206
40,3,1641
40,4,125
40,5,96
40,6,231
40,7,855
40,8,236
40,9,682
40,10,834
40,11,695
40,12,238
40,13,1457
40,14,89
40,15,2154
40,16,853
40,17,257
40,18,848
40,19,35
40,20,494
40,21,1501
40,22,162
40,23,1626
40,24,1758
40,25,353
40,26,57
40,27,679
40,28,128
40,29,117
40,30,212
40,31,71
40,32,77
40,33,531
40,34,665
40,35,237
40,36,228
40,37,72
40,38,644
40,39,258
40,41,170
40,42,626
40,43,394
40,44,348
40,45,1715
40,46,381
40,47,423
40,48,979
40,49,106
40,50,423
40,51,410
40,52,465
40,53,971
40,54,202
40,55,258
40,56,130
40,57,593
40,58,484
40,59,879
40,60,680
40,61,37
40,62,460
40,63,161
40,64,145
40,65,137
40,66,928
40,67,535
40,68,561
40,69,434
40,70,129
40,71,305
40,72,165
40,73,42
40,74,1230
40,75,190
40,76,483
40,77,224
40,78,1947
40,79,469
40,80,175
40,81,35
40,82,427
40,83,1745
40,84,1235
40,85,202
40,86,1111
40,87,1964
40,88,38
40,89,514
40,90,336
40,91,226
40,92,791
41,0,380
41,1,128
41,2,251
41,3,1201
41,4,90
41,5,63
41,6,94
41,7,553
41,8,77
41,9,540
41,10,739
41,11,916
41,12,223
41,13,874
41,14,68
41,15,1126
41,16,550
41,17,228
41,18,652
41,19,53
41,20,730
41,21,1236
41,22,212
41,23,1496
41,24,1262
41,25,83
41,26,68
41,27,666
41,28,122
41,29,90
41,30,263
41,31,56
41,32,141
41,33,92
41,34,857
41,35,148
41,36,251
41,37,68
41,38,893
41,39,106
41,40,170
41,42,829
41,43,333
41,44,178
41,45,1528
41,46,215
41,47,480
41,48,304
41,49,173
41,50,180
41,51,570
41,52,205
41,53,440
41,54,217
41,55,163
41,56,207
41,57,388
41,58,452
41,59,758
41,60,456
41,61,37
41,62,198
41,63,157
41,64,100
41,65,251
41,66,662
41,67,312
41,68,145
41,69,438
41,70,213
41,71,247
41,72,218
41,73,47
41,74,1151
41,75,109
41,76,550
41,77,198
41,78,1573
41,79,203
41,80,105
41,81,40
41,82,241
41,83,1272
41,84,771
41,85,188
41,86,705
41,87,607
41,88,33
41,89,392
41,90,192
41,91,142
41,92,146
42,0,2601
42,1,578
42,2,1483
42,3,5854
42,4,234
42,5,216
42,6,380
42,7,2464
42,8,407
42,9,2005
42,10,4305
42,11,4497
42,12,1202
42,13,4025
42,14,203
42,15,6711
42,16,3393
42,17,1523
42,18,2003
42,19,116
42,20,3913
42,21,6953
42,22,1050
42,23,7632
42,24,5460
42,25,303
42,26,209
42,27,3887
42,28,337
42,29,382
42,30,1289
42,31,162
42,32,483
42,33,329
42,34,6915
42,35,825
42,36,907
42,37,142
42,38,4354
42,39,243
42,40,626
42,41,829
42,43,1911
42,44,666
42,45,7904
42,46,1509
42,47,1811
42,48,1737
42,49,889
42,50,620
42,51,2797
42,52,1040
42,53,1437
42,54,474
42,55,655
42,56,753
42,57,2789
42,58,1279
42,59,3883
42,60,2320
42,61,107
42,62,575
42,63,1406
42,64,274
42,65,1180
42,66,3425
42,67,1843
42,68,519
42,69,3018
42,70,917
42,71,678
42,72,1043
42,73,92
42,74,5241
42,75,322
42,76,2878
42,77,545
42,78,7869
42,79,1118
42,80,238
42,81,120
42,82,1333
42,83,6814
42,84,3543
42,85,823
42,86,3535
42,87,3186
42,88,55
42,89,1325
42,90,530
42,91,642
42,92,713
43,0,661
43,1,394
43,2,666
43,3,5916
43,4,95
43,5,194
43,6,264
43,7,1944
43,8,319
43,9,1138
43,10,1829
43,11,1546
43,12,580
43,13,4040
43,14,78
43,15,2969
43,16,2529
43,17,590
43,18,2079
43,19,82
43,20,1265
43,21,4080
43,22,603
43,23,4834
43,24,3760
43,25,180
43,26,75
43,27,1445
43,28,226
43,29,145
43,30,478
43,31,126
43,32,163
43,33,211
43,34,1884
43,35,529
43,36,412
43,37,67
43,38,2192
43,39,263
43,40,394
43,41,333
43,42,1911
43,44,343
43,45,4986
43,46,603
43,47,1176
43,48,716
43,49,265
43,50,474
43,51,829
43,52,698
43,53,1408
43,54,359
43,55,281
43,56,301
43,57,986
43,58,849
43,59,2086
43,60,1690
43,61,59
43,62,287
43,63,451
43,64,156
43,65,318
43,66,1976
43,67,2726
43,68,386
43,69,1332
43,70,299
43,71,742
43,72,509
43,73,54
43,74,2779
43,75,273
43,76,2036
43,77,286
43,78,5054
43,79,1451
43,80,148
43,81,85
43,82,738
43,83,4043
43,84,2704
43,85,355
43,86,2319
43,87,1803
43,88,47
43,89,911
43,90,559
43,91,434
43,92,438
44,0,270
44,1,184
44,2,541
44,3,1127
44,4,93
44,5,102
44,6,152
44,7,849
44,8,92
44,9,761
44,10,755
44,11,824
44,12,575
44,13,1072
44,14,76
44,15,2100
44,16,807
44,17,187
44,18,537
44,19,43
44,20,569
44,21,1432
44,22,257
44,23,1619
44,24,1214
44,25,90
44,26,56
44,27,628
44,28,77
44,29,103
44,30,392
44,31,66
44,32,79
44,33,89
44,34,719
